1111111100111011111111110100000001100000001111101000000111001000001110000000011100001000111000000001110000001011100000100111000100001111111111111011011111112
1111111111011111111111111000000001111010000011110001000111000000001110001000011101000000111000100001110000000111100000000111000011001101111111110110111111112
1111111111011111111111111000000001111010000011110001000111000000001110001000011101000000111000100001110000000111100000000111000011001101111111110110111111112
1111111111011110111111110110000001110000000011101000000111000000001110000100011100110000111000000001110000100011100000000111010000000111111110110110111111112
1111111111111110111111111001001001110000000011100001010111000001011010001000011100000000111000000011110000110011100010000110010100000111101111011011111111112
1111111111111110111111111001001001110000000011100001010111000001011010001000011100000000111000000011110000110011100010000110010100000111101111011011111111112
1011111011101111111111011100000001110000000011101000000111100000001110000000011100000000111000000001110000110011100100100101000000001111111111111111111011112
0111111011111101110110111100000011110000000001110001000011000000001110000000011100000010011100001001110100000010110000000111000000001111111111010111111111112
1110111011111111111111111100000001110000000011100100001111000001001110001000011110000000111000000001100000000011000000000111010000001111111111111111110111112
1110111011111111111111111100000001110000000011100100001111000001001110001000011110000000111000000001100000000011000000000111010000001111111111111111110111112
